BMI
28.06
31.28
20.04
20.05
25.71
24.71
26.3
33.06
31.65
28.65
32.12
45.9
23.04
34.09
22.85
19.41
27.92
28.63
27.2
28.97
25.45
29.97
34.28
27.44
28.65
26.47
40.9
29.71
35.8
31.53
33.56
41
21.22
17.96
22.68
39.5
29.09
34.08
28.18
35.8
35.59
34.28
28.12
24.95
18.68
20.92
32.4
31.74
25.9
48.7
38.4
32.65
34.08
24.31
23.22
20.05
21.27
22.49
30.58
25.69
28.66
19.86
22.58
26.95
25.85
23.95
23.74
25.84
38.85
21.81
22.85
36.64
28.97
21.98
24.63
22.13
34.58
24.76
28.1
26.49
27.71
37.46
32.38
18.6
26.89
35.8
34.4
40.4
70.6
45.4
39.37
34.64
37.37
22.78
24.8
41.82
31.64
28.34
31.24
27.07
29.53
22.15
47.53
23.42
14.63
26.01
37.05
44.99
30.67
34.48
30.94
24.96
33.34
23.74
35.62
30.16
24.7
30.66
36.14
23.4
37.37
23.2
23.89
21.62
33.04
38.33
23.31
24.91
27.09
32.67
23.76
27.27
27.27
51.98
24.91
23.29
22.68
20
27.03
31.3
21.98
25.47
20.71
22.98
25.14
