"IMF"
2.6
2.84
1.79
1.05
2.42
1.94
2.37
1.55
1.45
2.27
1.51
3.01
2.25
1.94
1.95
2.58
2.05
1.67
2.88
1.38
3.11
3.11
1.99
2.98
1.64
1.77
3.03
1.36
1.99
1.36
1.5
1.76
2.66
1.81
3.12
1.98
2.24
3.33
1.53
2.15
2.88
1.16
2.04
1.55
1.45
1.75
1.19
1.44
2.85
1.34
2.39
1.73
1.73
3.06
2.97
1.63
2.28
1.95
2.35
2.86
1.63
1.73
1.54
1.39
1.32
1.55
1.92
1.93
2.3
2.03
1.63
1.85
1.9
2.8
1.67
2.57
2.35
2.64
2.09
2.65
2.27
2.42
1.4
2
2.34
2.93
2.34
1.52
2.39
2.55
1.45
2.44
2.88
1
1.56
1.71
1.69
3.49
1.41
1.2
2.16
2.84
2.56
1.39
1.58
1.68
1.38
3.49
2.86
1.33
2.28
2.27
1.44
2.83
1.61
1.74
1.03
3.04
3.17
2.24
3.65
1.53
3.76
1.23
1.79
1.01
3
1.95
1.1
1.48
1.21
1.32
